EUNK.DE: 100.23999786376953
EUNK.SG: 100.28
EUNK.F: 99.41000366210938
IMAE.AS: 100.20500183105469
IMEA.SW: 91.47000122070312
EUNK.TI: Error - 'currentTradingPeriod'
SMEA.L: 8746.0
EUNK.MU: 100.12000274658203
EUNKD.XC: 99.84
EUNKD.XD: 99.9000015258789
EUNK.DU: 100.27999877929688
EUNKN.MX: 2024.18994140625
